# mur		muf		alpsfact	dynamical_scale	pdf		cross-section
1.0		1.0		1.0		-1		247000		180550.9396241591
0.5		0.5		1.0		-1		247000		230801.08584693284
0.5		0.5		1.0		1		247000		180550.9397181326
0.5		0.5		1.0		2		247000		180550.9397182164
0.5		0.5		1.0		3		247000		230801.08596675514
0.5		0.5		1.0		4		247000		160166.8601144235
0.5		1.0		1.0		-1		247000		222919.35473761015
0.5		1.0		1.0		1		247000		172115.2295202685
0.5		1.0		1.0		2		247000		172115.2295203457
0.5		1.0		1.0		3		247000		222919.3548744766
0.5		1.0		1.0		4		247000		153114.2025308926
0.5		2.0		1.0		-1		247000		212507.90967320115
0.5		2.0		1.0		1		247000		163822.37691260863
0.5		2.0		1.0		2		247000		163822.37691268136
0.5		2.0		1.0		3		247000		212507.90982354773
0.5		2.0		1.0		4		247000		146215.49334546042
1.0		0.5		1.0		-1		247000		186938.73237355467
1.0		0.5		1.0		1		247000		151287.75833395697
1.0		0.5		1.0		2		247000		151287.75833402062
1.0		0.5		1.0		3		247000		186938.73245463803
1.0		0.5		1.0		4		247000		135231.3623698068
1.0		1.0		1.0		1		247000		144217.08292729518
1.0		1.0		1.0		2		247000		144217.0829273543
1.0		1.0		1.0		3		247000		180550.9397182164
1.0		1.0		1.0		4		247000		129259.45698152836
1.0		2.0		1.0		-1		247000		172115.22941600974
1.0		2.0		1.0		1		247000		137266.92428410394
1.0		2.0		1.0		2		247000		137266.92428415988
1.0		2.0		1.0		3		247000		172115.2295203457
1.0		2.0		1.0		4		247000		123421.84538158754
2.0		0.5		1.0		-1		247000		156643.12494637407
2.0		0.5		1.0		1		247000		128789.12738558548
2.0		0.5		1.0		2		247000		128789.12738563704
2.0		0.5		1.0		3		247000		156643.12500099058
2.0		0.5		1.0		4		247000		115751.16673677413
2.0		1.0		1.0		-1		247000		151287.75826910202
2.0		1.0		1.0		1		247000		122768.99817657754
2.0		1.0		1.0		2		247000		122768.998176625
2.0		1.0		1.0		3		247000		151287.75833402062
2.0		1.0		1.0		4		247000		110627.69376282945
2.0		2.0		1.0		-1		247000		144217.0828542702
2.0		2.0		1.0		1		247000		116851.81766526138
2.0		2.0		1.0		2		247000		116851.8176653069
2.0		2.0		1.0		3		247000		144217.0829273543
2.0		2.0		1.0		4		247000		105622.10449304899
1.0		1.0		1.0		-1		247000		180550.9396241591
1.0		1.0		1.0		-1		247001		181211.62918112852
1.0		1.0		1.0		-1		247002		183754.53233066548
1.0		1.0		1.0		-1		247003		180129.0448700187
1.0		1.0		1.0		-1		247004		177893.68122713204
1.0		1.0		1.0		-1		247005		193440.8401434667
1.0		1.0		1.0		-1		247006		178164.10577653346
1.0		1.0		1.0		-1		247007		178335.41467997327
1.0		1.0		1.0		-1		247008		182108.8302491738
1.0		1.0		1.0		-1		247009		181963.84622568503
1.0		1.0		1.0		-1		247010		176610.29159338982
1.0		1.0		1.0		-1		247011		175736.4991872568
1.0		1.0		1.0		-1		247012		180386.16925143727
1.0		1.0		1.0		-1		247013		179574.8919372601
1.0		1.0		1.0		-1		247014		180369.11131252782
1.0		1.0		1.0		-1		247015		177945.37738961432
1.0		1.0		1.0		-1		247016		175135.7118790486
1.0		1.0		1.0		-1		247017		178202.72175256413
1.0		1.0		1.0		-1		247018		181880.7861614283
1.0		1.0		1.0		-1		247019		179986.60559486464
1.0		1.0		1.0		-1		247020		190160.51495314186
1.0		1.0		1.0		-1		247021		179504.5753574888
1.0		1.0		1.0		-1		247022		181656.9418577416
1.0		1.0		1.0		-1		247023		189130.2129172936
1.0		1.0		1.0		-1		247024		179870.70877179803
1.0		1.0		1.0		-1		247025		182133.36801690728
1.0		1.0		1.0		-1		247026		180642.42867883953
1.0		1.0		1.0		-1		247027		177488.96922906098
1.0		1.0		1.0		-1		247028		177668.31475743713
1.0		1.0		1.0		-1		247029		184727.3270331428
1.0		1.0		1.0		-1		247030		184061.06443122926
1.0		1.0		1.0		-1		247031		180004.28774663017
1.0		1.0		1.0		-1		247032		177064.25068819534
1.0		1.0		1.0		-1		247033		178056.83218416572
1.0		1.0		1.0		-1		247034		179438.67750217853
1.0		1.0		1.0		-1		247035		178383.8849962666
1.0		1.0		1.0		-1		247036		180815.3619732065
1.0		1.0		1.0		-1		247037		180952.0816543649
1.0		1.0		1.0		-1		247038		181206.70168376845
1.0		1.0		1.0		-1		247039		186269.5787989232
1.0		1.0		1.0		-1		247040		181260.93619979554
1.0		1.0		1.0		-1		247041		180885.18588887967
1.0		1.0		1.0		-1		247042		180138.0428074412
1.0		1.0		1.0		-1		247043		182175.9973109507
1.0		1.0		1.0		-1		247044		178236.35892795093
1.0		1.0		1.0		-1		247045		180455.0507340912
1.0		1.0		1.0		-1		247046		181762.12411618745
1.0		1.0		1.0		-1		247047		175436.8091758735
1.0		1.0		1.0		-1		247048		179576.8949865638
1.0		1.0		1.0		-1		247049		178639.73516575186
1.0		1.0		1.0		-1		247050		179263.7626530678
1.0		1.0		1.0		-1		247051		185023.1065542437
1.0		1.0		1.0		-1		247052		179688.75878251024
1.0		1.0		1.0		-1		247053		179620.17463731993
1.0		1.0		1.0		-1		247054		175891.46233525046
1.0		1.0		1.0		-1		247055		175646.24385558566
1.0		1.0		1.0		-1		247056		186090.8718637759
1.0		1.0		1.0		-1		247057		180945.51039256237
1.0		1.0		1.0		-1		247058		184396.39648877637
1.0		1.0		1.0		-1		247059		181255.57707387215
1.0		1.0		1.0		-1		247060		183999.76657639066
1.0		1.0		1.0		-1		247061		176006.32532957077
1.0		1.0		1.0		-1		247062		179285.23873628766
1.0		1.0		1.0		-1		247063		173649.85344779695
1.0		1.0		1.0		-1		247064		176778.55668197342
1.0		1.0		1.0		-1		247065		178964.19778343104
1.0		1.0		1.0		-1		247066		178827.66137042808
1.0		1.0		1.0		-1		247067		178267.30916991032
1.0		1.0		1.0		-1		247068		177128.2531333381
1.0		1.0		1.0		-1		247069		180157.83057215041
1.0		1.0		1.0		-1		247070		179417.30630774744
1.0		1.0		1.0		-1		247071		181521.95537419026
1.0		1.0		1.0		-1		247072		180979.95716797872
1.0		1.0		1.0		-1		247073		181948.4995750471
1.0		1.0		1.0		-1		247074		179657.58054969666
1.0		1.0		1.0		-1		247075		180113.24917535743
1.0		1.0		1.0		-1		247076		177970.90053644803
1.0		1.0		1.0		-1		247077		179435.1189002206
1.0		1.0		1.0		-1		247078		180616.41741805067
1.0		1.0		1.0		-1		247079		186811.84357173095
1.0		1.0		1.0		-1		247080		189388.39115190628
1.0		1.0		1.0		-1		247081		182580.2268601134
1.0		1.0		1.0		-1		247082		181148.53832117363
1.0		1.0		1.0		-1		247083		175414.71638723346
1.0		1.0		1.0		-1		247084		188809.8337951792
1.0		1.0		1.0		-1		247085		180608.55567477303
1.0		1.0		1.0		-1		247086		183474.3660258725
1.0		1.0		1.0		-1		247087		181845.70654392184
1.0		1.0		1.0		-1		247088		181642.52840669916
1.0		1.0		1.0		-1		247089		178593.63412536235
1.0		1.0		1.0		-1		247090		180216.97633809748
1.0		1.0		1.0		-1		247091		181396.23139403758
1.0		1.0		1.0		-1		247092		178070.4029987777
1.0		1.0		1.0		-1		247093		174916.59502487816
1.0		1.0		1.0		-1		247094		181834.99950037795
1.0		1.0		1.0		-1		247095		183736.0523936815
1.0		1.0		1.0		-1		247096		183647.1231337979
1.0		1.0		1.0		-1		247097		176793.33723860176
1.0		1.0		1.0		-1		247098		181268.3530065398
1.0		1.0		1.0		-1		247099		179225.25340184575
1.0		1.0		1.0		-1		247100		179806.2735429379

#***************************************************************************
#
# original cross-section: 180550.9396241591
#     scale variation: +27.8% -20.1%
#     central scheme variation: +5.21e-08% -28.4%
# PDF variation: +1.89% -1.89%
#
# dynamical scheme # 1 : 144217 +25.2% -19% # \sum ET
# dynamical scheme # 2 : 144217 +25.2% -19% # \sum\sqrt{m^2+pt^2}
# dynamical scheme # 3 : 180551 +27.8% -20.1% # 0.5 \sum\sqrt{m^2+pt^2}
# dynamical scheme # 4 : 129259 +23.9% -18.3% # \sqrt{\hat s}
#***************************************************************************
